0.png 1 0 0 189 229
1.png 1 0 0 183 222
2.png 1 0 0 172 224
3.png 1 0 0 210 215
4.png 1 0 0 197 216
5.png 1 0 0 191 203
6.png 1 0 0 183 210
7.png 1 0 0 188 227
8.png 1 0 0 192 210
9.png 1 0 0 184 213
10.png 1 0 0 217 235
11.png 1 0 0 197 209
12.png 1 0 0 159 211
13.png 1 0 0 182 215
14.png 1 0 0 196 210
15.png 1 0 0 165 161
16.png 1 0 0 174 206
17.png 1 0 0 202 215
18.png 1 0 0 185 203
19.png 1 0 0 179 188
20.png 1 0 0 185 195
21.png 1 0 0 188 177
22.png 1 0 0 182 194
23.png 1 0 0 184 192
24.png 1 0 0 212 209
25.png 1 0 0 178 197
26.png 1 0 0 197 205
27.png 1 0 0 173 192
28.png 1 0 0 127 189
29.png 1 0 0 125 185
30.png 1 0 0 159 172
31.png 1 0 0 195 214
32.png 1 0 0 251 264
33.png 1 0 0 249 291
34.png 1 0 0 233 297
35.png 1 0 0 240 305
36.png 1 0 0 272 278
37.png 1 0 0 255 272
38.png 1 0 0 237 250
39.png 1 0 0 232 242
40.png 1 0 0 259 254
41.png 1 0 0 248 260
42.png 1 0 0 247 254
43.png 1 0 0 269 284
44.png 1 0 0 250 263
45.png 1 0 0 254 264
46.png 1 0 0 262 280
47.png 1 0 0 161 273
48.png 1 0 0 171 275
49.png 1 0 0 166 247
50.png 1 0 0 163 289
51.png 1 0 0 160 168
52.png 1 0 0 144 169
53.png 1 0 0 127 143
54.png 1 0 0 146 166
55.png 1 0 0 126 138
56.png 1 0 0 133 153
57.png 1 0 0 140 152
58.png 1 0 0 143 150
59.png 1 0 0 154 167
60.png 1 0 0 111 148
61.png 1 0 0 157 167
62.png 1 0 0 373 412
63.png 1 0 0 329 350
64.png 1 0 0 246 247
65.png 1 0 0 260 230
66.png 1 0 0 290 286
67.png 1 0 0 250 249
68.png 1 0 0 260 265
69.png 1 0 0 268 274
70.png 1 0 0 290 372
71.png 1 0 0 285 313
72.png 1 0 0 186 208
73.png 1 0 0 177 232
